Metodo de Adams Bashforth de 8 Ordem por Euler
y( 0.0 ) = 1.0
h = 0.01
0.0 1.0
0.01 1.05
0.02 1.1019
0.03 1.1557760000000001
0.04 1.21170704
0.05 1.2697753216
0.060000000000000005 1.330066334464
0.07 1.39266898784256
0.08 1.4589177108903284
0.09 1.5278947266057072
0.09999999999999999 1.599261578164778
0.10999999999999999 1.6739041686365714
0.11999999999999998 1.7511654259735139
0.12999999999999998 1.8314250326205568
0.13999999999999999 1.9152154819210616
0.15 2.001956270682055
0.16 2.0922602622719464
0.17 2.186315614771384
0.18000000000000002 2.283796652773448
0.19000000000000003 2.385377671106408
0.20000000000000004 2.4910078988309414
0.21000000000000005 2.6006448675698755
0.22000000000000006 2.7148896995612777
0.23000000000000007 2.83359100757688
0.24000000000000007 2.9569525937651324
0.25000000000000006 3.0854350217208433
0.26000000000000006 3.2189062368871433
0.2700000000000001 3.357739664724251
0.2800000000000001 3.502249850364939
0.2900000000000001 3.6524061958372807
0.3000000000000001 3.8086677495722814
0.3100000000000001 3.971240581960798
0.3200000000000001 4.140233864414986
0.3300000000000001 4.316123914657467
0.34000000000000014 4.499066704610657
0.35000000000000014 4.689312278405063
0.36000000000000015 4.887313256862022
0.37000000000000016 5.093235115704646
0.38000000000000017 5.307445879669044
0.3900000000000002 5.530362446728629
0.4000000000000002 5.7622074106264805
0.4100000000000002 6.003434443964818
0.4200000000000002 6.2544360348012376
0.4300000000000002 6.5155216671191525
0.4400000000000002 6.787200948775346
0.45000000000000023 7.06986757306408
0.46000000000000024 7.36393028410541
0.47000000000000025 7.669935127180296
0.48000000000000026 7.9883077273051795
0.49000000000000027 8.319555607917712
0.5000000000000002 8.664254831703802
0.5100000000000002 9.02289167346859
0.5200000000000002 9.39606535435587
0.5300000000000002 9.784387676839554
0.5400000000000003 10.188428227554404
0.5500000000000003 10.608870188403067
0.5600000000000003 11.046375746609092
0.5700000000000003 11.50161338243406
0.5800000000000003 11.975346227340747
0.5900000000000003 12.468306463696868
0.6000000000000003 12.981271229673276

